<?xml version="1.0"?>
<opencv_storage>
<homography type_id="opencv-matrix">
  <rows>3</rows>
  <cols>3</cols>
  <dt>d</dt>
  <data>
    9.1897246693185675e-01 -1.7375116087890924e-01
    -1.6371967567218007e+01 1.9071466017187188e-02
    8.0955831128435696e-01 5.6125025352690750e+02
    -7.5439414416807586e-05 -1.9636172671821928e-04 1.</data></homography>
</opencv_storage>
