<?xml version="1.0"?>
<opencv_storage>
<homography type_id="opencv-matrix">
  <rows>3</rows>
  <cols>3</cols>
  <dt>d</dt>
  <data>
    1.0545667923924962e+00 -5.9030993550184548e-02
    5.9618324708717900e+01 1.2571313122360196e-02 9.6752021311478775e-01
    5.4955014958232664e+02 4.6863993346951652e-05
    -1.0999953745297807e-04 1.</data></homography>
</opencv_storage>
