<?xml version="1.0"?>
<opencv_storage>
<homography type_id="opencv-matrix">
  <rows>3</rows>
  <cols>3</cols>
  <dt>d</dt>
  <data>
    8.3803325733382350e-01 2.3386658936278573e-02 5.4502454873525693e+01
    -3.5046489060068242e-02 8.9968052686442657e-01
    -4.3783708775989390e+02 -1.4372453691104264e-04
    -3.8090240439662446e-05 9.9999999999999989e-01</data></homography>
</opencv_storage>
