<?xml version="1.0"?>
<opencv_storage>
<homography type_id="opencv-matrix">
  <rows>3</rows>
  <cols>3</cols>
  <dt>d</dt>
  <data>
    9.1711467781970157e-01 -4.0323811539705427e-02
    5.5307505218878134e+01 1.0250242062996009e-02 9.2699125171593300e-01
    -4.6580033187595222e+02 -5.2218425311355674e-05
    -4.4428367044300060e-05 9.9999999999999989e-01</data></homography>
</opencv_storage>
